1.14
0.39
0.8
1.36
0.02
0.76
0.41
0.02
0.87
0.4
0.1
0.23
0.28
0.55
0.45
0.21
1.41
1.19
0.18
1.56
0.74
0.27
0.24
0.42
0.3
0.14
0.71
0.5
0.16
0.18
0.3
0.53
0.36
1.03
0.6
0.38
0.49
1
0.04
1.15
0.94
0.61
1.13
0.3
0.21
2.49
0.91
1.13
0.02
1.65
0.89
0.14
0.36
0.32
1.51
0.99
0.34
0.6
0.77
0.18
0.16
0.58
0.4
0.87
0.21
2.02
0.18
0.09
0.56
0.38
0.16
0.18
0.06
0.2
0.9
0.3
0.34
1.29
0.33
0.92
0.22
1.48
1.48
0.46
0.12
0.21
0.24
0.49
0.39
0.02
0.46
1.37
0.48
0.79
0.11
0.21
0.35
0.08
0.27
0.04
0.01
0.33
2.19
0.33
0.74
1.01
0.09
1.56
0.1
0.17
0.66
0.94
1.12
0.49
0.75
0.11
0.12
0.58
0.07
0.19
0.06
1.89
0.06
0.94
0.36
1.8
0.73
1.2
0.09
0.66
0.08
1.08
0.46
0.03
0.33
0.2
1.02
0.71
0.84
0
0.74
0.98
0.73
0.39
0.04
0.85
0.59
1.53
0.35
0.49
1.41
0.37
0.18
1.46
1.84
0.64
0.01
0.24
0.17
2.28
0.01
2.39
0.29
0.23
0.33
0.36
0.63
0.97
1.88
0.53
1.04
0.06
2.45
1.12
0.92
0.26
0.93
0.55
0.72
1.53
0.78
2.07
0.21
0.35
0.03
0.63
0.08
0.57
0.11
0.41
0.06
0.1
1.98
1.09
0.28
1.4
1.51
0.18
1
0.85
2.1
0.21
0.1
3.45
1.08
0.29
0.11
1.1
1.48
0.21
0.41
0.82
0.6
0.37
1.86
0.4
2.55
0
0.12
0.13
0.44
0.85
0.54
0.8
0.04
1.76
1.66
0.27
2.33
1.23
0.04
1.21
1.74
1.03
0.09
2.08
0.77
0.02
0.15
0.16
0.98
0.18
0.06
0.23
0.41
0.08
0.57
0.88
0.97
0.09
0.17
0.28
0.38
0.05
1.95
1.87
1.02
0.25
0.38
1.15
0.3
0.2
0.73
0.91
0.17
0.18
0.6
0.64
1.95
0.11
0.16
0.98
2.07
0
0.11
0.01
0.38
1.28
1.53
0.27
0.37
0.12
1.5
0.4
0.16
0.1
0.65
0.02
1.19
0.05
1.01
1.67
0.59
0.1
1.22
2.39
0.46
1.51
1.99
0.02
0.75
0.74
0.59
0.63
0.24
0.2
1.16
0.73
0.38
0.11
0.75
0.18
0.19
0.45
0.3
0.17
1.09
0.16
2.38
0.05
0.14
0.44
0.33
0.62
2.29
1.21
1.25
2.16
0.8
0.16
0.09
0.72
0.94
0.16
0.82
0.99
1.83
1.36
1.04
0.36
0.11
0.13
0.76
0.27
1.1
0.65
0.25
1.27
2.45
0.18
0.35
0.02
0.1
2.41
0.15
0.21
0.59
0.25
3.35
0.04
0.02
0.97
0.6
0.3
1.23
0.03
0.01
0.15
0.21
1.2
0.21
1.38
0.05
0.82
0.89
0.37
2.44
0.18
2.37
1.42
0.21
1.06
0.33
1.19
0.18
0.1
0.85
0.79
0.25
0.16
0.63
0.46
0
0.26
0.27
0.34
0.31
0.07
2.5
0.95
0.01
0.26
0.01
0.01
0.41
0.18
0.79
0.15
1.42
0.11
0.08
0.23
0.03
0.12
0.34
0.21
0.24
0.85
2.03
0.07
1.08
1.21
0.04
0.4
0.33
1.05
1.39
0.41
0.58
1.97
0.06
0.14
0.09
0.72
0.24
0.2
0.29
1.39
0.38
0.23
2.02
0.31
0
0.41
0.32
0.19
1.82
0.03
0.42
0.64
0.39
0.05
0.44
0.09
0.92
2.68
0.2
0.18
0.22
0.65
0.41
1.23
1.41
0.12
1.37
0.26
2.11
0.35
0.56
0.35
1.3
0.14
1.45
0.02
0.45
0.13
0.13
0.63
0.54
1.05
0.08
1.48
0.22
0.65
0.57
0.8
0.07
0.04
1.92
1.34
0.09
0.32
1.08
0.75
1.6
0.19
1.03
1.95
0.25
0.74
0.85
0.21
1.68
0.27
0.74
0.36
1.62
0.66
0.1
0.45
1.18
0.02
1.83
0.92
0.05
0.14
0.05
1.11
0.54
0.52
0.05
0.05
0.5
0.64
0.12
0
0.98
1.73
0.78
0.26
0.2
0.75
0.14
0.53
0.59
0.03
0.56
0
0.11
0.36
0.77
0.94
0.31
0.13
1.45
0.56
1.96
0.58
0.9
0.33
0.65
0.17
0.55
0.32
0.11
0.68
1.52
0.02
0.06
0.57
0.77
0.34
0.13
0.4
0.1
0
1.37
0.56
0.09
0.34
0.67
0.52
0.05
1.96
1.09
0.59
0.16
1.32
0.6
0.02
0.11
0
1.12
1.07
0.58
0.44
0.12
0.11
0.09
0.65
0.46
0.45
0.11
0.21
0.03
0.37
0.51
0.02
1.08
0.02
0.12
0.3
0.24
0.36
0.25
0.2
1.12
0.45
0.37
0.26
0.16
0.13
0.68
1.45
0.78
1.27
0.63
0.17
0.22
0.22
0.99
0.24
0.82
1.3
0.94
0.16
0.23
0.39
0.06
0.77
0.4
0.44
1.09
1.14
0.65
1.28
0.16
0.52
0.06
0.03
0.27
1.03
0.52
0.05
0.26
1.81
1.15
1.45
0.34
0.62
0.92
0.5
0.48
0.19
0.37
1.03
0.39
0.67
1.98
0.92
0.25
0.79
1.64
1.44
0.37
1.29
0.64
0.06
0.29
0.24
0.31
0.23
0.02
0.19
1.24
0.1
0.08
0.77
1.2
0.24
2.25
1.04
0.28
1.18
1.16
0.24
0.33
0.22
0.37
0.08
0.51
3.54
0.48
0.37
0.26
0.06
0.83
0.81
1.14
0.87
0.06
0.81
0.35
0.15
1.42
1.27
1.66
0.2
0.75
0.28
0.31
0.37
0.67
0.06
0.3
0.48
2.18
1.93
0.34
0.21
0.18
0.3
0.08
0.19
0.92
1.64
1.22
1.35
0.61
0.95
0.24
1.17
0.56
0.55
0.01
0.68
0.5
1.61
0.06
0.78
0.44
0.98
0.07
0.42
3.18
2.48
0.7
0.26
2.1
0.26
0.18
0.53
0.67
0.22
0.23
2.08
1.41
1.23
0.71
1.47
0.27
0.56
0.75
1.15
0.85
0.29
4.15
0.32
1.5
1.46
0.17
0.07
1.03
0.43
0.91
0.53
1.64
0.05
0.57
0.34
0.66
0.19
0.98
1.31
0.83
1.59
0.13
0
0.52
0.53
3.8
0.88
0.37
1.23
0.05
0.55
0.19
0.15
0.17
0.08
0.15
0.34
0.85
0.53
0.62
0.66
0.02
0.82
0.54
0.13
0.02
0.24
0.56
0.12
1.28
1.2
1.11
0.38
0.38
0.74
0.12
0.03
0.08
1.41
0.73
0.38
0.1
0.23
0.67
1.6
0.58
0.35
1.84
0.17
0.45
0.5
0.93
0.04
0.91
1.42
0.3
0.15
0.41
2.44
0.12
0.15
0.34
0.01
0.55
0.17
0.2
0.66
1.68
2.23
0.24
0.86
0.1
0.31
0.07
0.77
0.11
1.59
2.7
0.96
1.37
0.23
2.96
1.76
1.11
0.18
0.74
1.62
0.02
0.21
1.11
1.03
0.54
0.09
0.27
1.21
1.42
1.03
0.31
2.55
1.1
0.67
1.34
0.55
0.15
1.13
0.71
1.07
1.29
0.24
0.32
0.58
0.04
0.79
0.15
0.03
0.11
0.26
0.7
0.53
0.59
0.64
0.59
0.48
0.82
0.3
0.67
0.72
2.19
1
0.01
0.16
0.59
0.01
0.12
0.61
0.46
0.08
0.06
0.08
0.56
1.25
0.97
0.12
1.22
0.74
0.71
0.55
1.84
0.07
0.53
0.4
0.23
0.72
1.09
0.26
0.27
0
0.23
0.9
0.22
0.02
2.34
0.18
1.04
0.88
0.57
1.94
1.93
0.87
0.13
0.46
1.62
2.03
0.1
0.85
1.17
0.66
0.33
0.6
0.06
0.01
0.2
0.13
0.83
2.19
0.02
1.06
1.72
1.02
0.27
0.18
0.6
0.48
0.55
0.28
0.93
0.05
0.47
0.63
0.91
0.26
0.18
0.19
0.21
0.78
0.53
0.31
1.65
0.08
2.64
0.71
0.26
0.14
0.84
0.15